-1.315173E+00
-6.455767E-01
-2.263626E+00
-3.096778E+00
-2.246236E+00
-1.043134E+00
-1.445925E+00
-1.267522E+00
-1.107735E+00
-7.591254E-01
-1.053216E+00
-5.659987E-01
2.105857E+00
-1.007028E-01
-2.123336E+00
-2.699854E+00
-1.526203E+00
-1.004705E+00
-1.553077E+00
-1.696328E+00
-1.501443E+00
-2.291426E+00
-1.578787E+00
-1.485514E+00
-8.784187E-01
-1.360685E+00
-1.237456E+00
-1.617566E+00
-9.835419E-01
-1.268088E+00
-1.584759E-01
-1.444097E+00
-1.623481E+00
-1.158706E+00
-1.738009E+00
-1.557990E+00
-5.805588E-01
-1.581142E+00
-8.336831E-01
-1.236673E+00
-1.041887E+00
-9.777046E-01
-1.277881E+00
-1.088591E+00
-1.029534E+00
-8.837712E-01
-1.406031E+00
-5.078739E-01
-8.062565E-01
-2.146782E+00
-1.569300E+00
2.160344E-01
-1.448626E+00
-1.187152E+00
-2.230100E+00
-1.733838E+00
-8.965081E-01
-1.228397E+00
-3.024173E-01
-9.117222E-01
-4.719574E-01
-7.864873E-01
-1.482171E+00
-1.430786E+00
-1.111411E+00
-1.508241E+00
-1.385142E+00
-8.248849E-01
7.223727E-01
-3.193589E-01
-5.889478E-01
-1.107506E+00
-9.376642E-01
-8.457742E-01
-1.656291E+00
8.388875E+00
-6.961935E-01
-5.009587E-01
-2.873369E+00
-2.008483E+00
-1.368031E+00
-1.383341E+00
-1.461561E+00
-1.327219E+00
-9.183766E-01
-9.255521E-01
2.849509E+00
-1.503241E-01
-2.122715E+00
-1.536939E+00
-2.254727E-01
2.662563E+00
-9.431760E-01
-3.472395E+00
-2.150297E-01
-1.145396E+00
-1.016616E+00
-1.477157E+00
-1.263060E+00
-7.885397E-01
-6.059653E-01
-3.093546E-01
-2.251963E+00
-1.299220E+00
-5.659944E-01
-2.258910E-01
-8.902873E-01
-1.982396E+00
-1.069717E+00
-8.793962E-01
-2.054876E+00
-3.949949E-01
-6.774461E-01
-1.438287E+00
-1.516622E+00
5.205987E+00
-4.984596E-01
-2.230838E+00
-7.375822E-01
-1.352754E+00
-1.238389E+00
1.029333E-01
-8.963078E-01
9.035070E+00
-2.632138E+00
-3.276250E-02
-6.296790E-01
-1.186434E+00
-1.555284E+00
-8.525506E-01
