-2.200000E+00
-3.576944E+00
-1.960278E+00
-2.520556E+00
-2.886667E+00
-2.790278E+00
-3.218889E+00
-4.243889E+00
-2.292500E+00
-2.945833E+00
-2.880833E+00
-2.375000E+00
-2.002500E+00
-2.903333E+00
-2.377500E+00
-1.802500E+00
-2.005000E+00
-1.880000E+00
-3.324167E+00
-1.757500E+00
-1.930000E+00
-2.275278E+00
-2.580556E+00
-2.752500E+00
-2.300278E+00
-2.935833E+00
-2.130278E+00
-2.220278E+00
-2.692778E+00
-2.765556E+00
-1.982500E+00
-2.212500E+00
-2.002500E+00
-2.422500E+00
-2.253333E+00
-2.577500E+00
-2.343333E+00
-2.870556E+00
-3.638333E+00
-2.655000E+00
-1.950000E+00
-1.977778E+00
-2.460000E+00
-2.572778E+00
-1.927500E+00
-1.990278E+00
-2.322500E+00
-1.925000E+00
-2.070000E+00
-2.720833E+00
-1.825000E+00
-2.900000E+00
-1.965000E+00
-2.150000E+00
-1.722500E+00
-2.112778E+00
-2.150278E+00
-2.010000E+00
-1.895000E+00
-3.575278E+00
-2.077500E+00
-1.977500E+00
-1.975000E+00
-2.077500E+00
-2.263611E+00
-1.997500E+00
-2.131111E+00
-4.206944E+00
-2.155278E+00
-1.704167E+00
-2.695000E+00
-1.960000E+00
-2.120000E+00
-2.343056E+00
-1.862500E+00
-1.850000E+00
-2.751667E+00
-3.090278E+00
-2.722778E+00
-1.762500E+00
-2.160000E+00
-2.105000E+00
-2.167500E+00
-2.542500E+00
-2.068056E+00
-2.065000E+00
-2.675000E+00
-2.530000E+00
-2.340556E+00
-2.095278E+00
-2.962500E+00
-2.790000E+00
-2.192500E+00
-2.527500E+00
-2.297778E+00
-2.460278E+00
-2.450000E+00
-2.137500E+00
-1.972500E+00
-2.117500E+00
-2.820278E+00
-3.203333E+00
-1.825000E+00
-2.650278E+00
-1.600000E+00
-3.442500E+00
-1.910556E+00
-2.203056E+00
-2.778333E+00
-2.020000E+00
-2.893611E+00
-1.785000E+00
-2.485278E+00
-3.324444E+00
-2.210278E+00
-3.483056E+00
-2.690000E+00
-2.373056E+00
-2.337500E+00
-2.175000E+00
-2.365278E+00
-2.575000E+00
-2.677500E+00
-2.020278E+00
-2.285278E+00
-2.035000E+00
-2.807778E+00
-2.275000E+00
-2.047500E+00
-2.225833E+00
-1.772500E+00
-2.345000E+00
-1.745000E+00
-2.390833E+00
-3.525556E+00
-2.882500E+00
-2.770000E+00
-1.977500E+00
-2.025000E+00
-2.462500E+00
-2.012500E+00
-1.987500E+00
-2.182500E+00
-2.025000E+00
-2.182500E+00
-1.777500E+00
-2.370000E+00
-2.015000E+00
-2.195556E+00
-1.962778E+00
-1.995000E+00
-3.055000E+00
-2.817778E+00
-2.180000E+00
-1.822500E+00
-2.412500E+00
-2.985000E+00
-2.572500E+00
-2.047500E+00
-1.897500E+00
-3.310833E+00
-2.007500E+00
-1.782500E+00
-1.967500E+00
-2.525556E+00
-2.617778E+00
-2.972778E+00
-2.263611E+00
-2.207500E+00
-2.550278E+00
-2.200000E+00
-2.302500E+00
-2.173056E+00
-2.755278E+00
-3.253333E+00
-1.805278E+00
-1.860556E+00
-2.080000E+00
-4.397778E+00
-1.745000E+00
-2.022500E+00
-1.892778E+00
-2.511389E+00
-3.180833E+00
-3.958611E+00
-2.230000E+00
-2.057500E+00
-2.330000E+00
-2.295000E+00
-2.805000E+00
-2.070000E+00
-3.044167E+00
-2.032500E+00
-1.992500E+00
-2.555000E+00
-2.050000E+00
-2.075000E+00
-2.842500E+00
-2.040000E+00
-2.467500E+00
-2.085278E+00
-1.992500E+00
-2.005000E+00
-2.047500E+00
-2.040000E+00
-2.050000E+00
-2.335278E+00
-1.877500E+00
-2.110000E+00
-1.935278E+00
-1.915000E+00
-2.045000E+00
-1.937500E+00
-2.782500E+00
-2.320000E+00
-2.002500E+00
-2.117500E+00
-4.501111E+00
-2.102500E+00
-1.997500E+00
-2.052500E+00
-2.047500E+00
-2.037500E+00
-2.152500E+00
-2.172500E+00
-2.090000E+00
-1.942500E+00
-2.237500E+00
-1.950000E+00
-2.057500E+00
-1.977500E+00
-1.987500E+00
-2.052500E+00
-2.092500E+00
-2.552500E+00
-2.010000E+00
-1.762500E+00
-2.097500E+00
-2.187500E+00
-2.285000E+00
-1.935000E+00
-1.967500E+00
-2.112500E+00
-2.002500E+00
-1.957500E+00
-1.907500E+00
-2.092500E+00
-1.957500E+00
-2.067778E+00
-2.017500E+00
-2.017500E+00
-1.967500E+00
-2.630000E+00
-2.862778E+00
-2.347500E+00
-2.117500E+00
-2.137500E+00
-2.020000E+00
-2.022500E+00
-2.197500E+00
-1.865000E+00
-2.127500E+00
-2.455833E+00
-3.318333E+00
-2.728611E+00
-2.175000E+00
-2.457500E+00
-2.767500E+00
-2.115000E+00
-2.022500E+00
-2.383611E+00
-2.722778E+00
-2.122500E+00
-2.522778E+00
-4.065556E+00
-4.365278E+00
-2.032778E+00
-4.461111E+00
-2.105000E+00
-1.590000E+00
-3.198056E+00
-3.474167E+00
-3.765556E+00
-2.101111E+00
-1.743611E+00
-1.903611E+00
-2.926111E+00
-1.935000E+00
-2.675000E+00
-1.920000E+00
-2.062500E+00
-2.813056E+00
-2.690000E+00
-2.277778E+00
-3.135000E+00
-2.222500E+00
-1.952778E+00
-3.473333E+00
-2.778056E+00
-3.866667E+00
-2.125278E+00
-2.857500E+00
-1.990000E+00
-2.684722E+00
-2.645000E+00
-2.987500E+00
-1.870833E+00
-2.100000E+00
-3.683611E+00
-2.480556E+00
-2.300278E+00
-1.617500E+00
-2.137500E+00
-2.005000E+00
-1.847500E+00
-1.872500E+00
-2.075000E+00
-2.213056E+00
-1.772500E+00
-1.992500E+00
-2.525833E+00
-2.177500E+00
-2.217500E+00
-2.380000E+00
-2.505000E+00
-3.225556E+00
-3.432778E+00
-2.250000E+00
-2.102500E+00
-1.932778E+00
-1.867500E+00
-4.223056E+00
-2.745278E+00
-2.062500E+00
-2.302500E+00
-2.245000E+00
-1.952500E+00
-2.032500E+00
-2.812500E+00
-2.400000E+00
-3.470000E+00
-2.557500E+00
-2.037500E+00
-2.427500E+00
-3.393333E+00
-2.285000E+00
-2.977778E+00
-2.162500E+00
-3.665000E+00
-2.522500E+00
-2.602778E+00
-2.310000E+00
-2.200000E+00
-2.072500E+00
-2.305000E+00
-2.670278E+00
-2.552500E+00
-2.092500E+00
-2.217500E+00
-3.927500E+00
-2.180000E+00
-2.122500E+00
-2.240000E+00
-2.595000E+00
-2.267778E+00
-3.125000E+00
-2.012500E+00
-2.505278E+00
-2.345000E+00
-2.395278E+00
-3.278333E+00
-2.320000E+00
-2.837500E+00
-2.155278E+00
-2.510278E+00
-4.640278E+00
-2.480278E+00
-1.992500E+00
-2.560000E+00
-3.096111E+00
-4.381667E+00
-2.441667E+00
-2.580278E+00
-3.800000E+00
-3.105000E+00
-2.490000E+00
-2.072500E+00
-3.127500E+00
-2.805278E+00
-3.158889E+00
-3.175833E+00
-2.989444E+00
-2.547778E+00
-3.028333E+00
-2.625000E+00
-3.222500E+00
-3.152500E+00
-3.468889E+00
-2.637500E+00
-2.797500E+00
-2.980000E+00
-2.773333E+00
-2.570000E+00
-3.170833E+00
-3.875833E+00
-2.848056E+00
-3.119167E+00
-2.895278E+00
-3.325556E+00
-2.247500E+00
-3.217778E+00
-2.782778E+00
-2.532500E+00
-2.998611E+00
-2.905556E+00
-3.817778E+00
-2.895833E+00
-3.462778E+00
-2.977500E+00
-2.937778E+00
-3.410000E+00
-3.883333E+00
-3.470556E+00
-2.960000E+00
-3.158889E+00
-4.672500E+00
-3.692500E+00
-3.107500E+00
-2.805000E+00
-3.160000E+00
-3.952500E+00
-4.983889E+00
-4.978333E+00
-5.657500E+00
-6.341667E+00
-9.484444E+00
-7.654167E+00
-6.555000E+00
-5.954444E+00
-3.995833E+00
-7.474444E+00
-7.423889E+00
-7.705833E+00
-5.078611E+00
-6.897500E+00
-6.828333E+00
-9.213333E+00
-6.371111E+00
-5.157500E+00
-5.971389E+00
-9.835000E+00
-6.308889E+00
-3.822222E+00
-5.177778E+00
-5.763611E+00
-6.193611E+00
-5.520278E+00
-5.696111E+00
-5.490278E+00
